




after:

01010111 01000100 00110000 01000100 11001110 01000111 00100000 00000000
01010100 01000100 01001000 01000101 00101001 01000100 10100000 00000000
01110110 01000100 01001000 01010101 00101110 01000100 10100000 00000000
01010100 01000100 01001000 01010101 00101010 01000100 10000000 00000000
01010111 01110111 00110000 00101000 11001001 01110111 00100000 00000000



insert "space" instead "0":

 1 1 111  1   1     11      1   1   11  111   1   111   1     
 1 1 1    1   1    1  1     1   1 1   1 1  1  1   1   1 1     
 111 11   1  1    1  1     1 1 1 1   1 111   1   1   1 1      
 1 1 1    1   1    1  1     1 1 1 1   1 1 1   1   1   1        
 1 1 111  111 111   11      1 1    11  1  1  111 111   1     


